1.000000 1.000000 1.000000 1.000000 1.000000 
1.000000 4.250000 3.000000 3.500000 1.000000 
1.000000 4.750000 5.000000 3.250000 1.000000 
1.000000 2.500000 5.000000 1.750000 1.000000 
1.000000 1.000000 1.000000 1.000000 1.000000 

1.000000 1.000000 1.000000 1.000000 1.000000 
1.000000 2.437500 3.437500 2.062500 1.000000 
1.000000 3.187500 4.000000 2.812500 1.000000 
1.000000 2.937500 2.562500 2.562500 1.000000 
1.000000 1.000000 1.000000 1.000000 1.000000 

1.000000 1.000000 1.000000 1.000000 1.000000 
1.000000 2.156250 2.375000 2.062500 1.000000 
1.000000 2.593750 3.000000 2.406250 1.000000 
1.000000 1.937500 2.625000 1.843750 1.000000 
1.000000 1.000000 1.000000 1.000000 1.000000 

Reached in 4 iterations.
1.000000 1.000000 1.000000 1.000000 1.000000 
1.000000 1.742188 2.054688 1.695312 1.000000 
1.000000 2.023438 2.500000 1.976562 1.000000 
1.000000 1.804688 1.945312 1.757812 1.000000 
1.000000 1.000000 1.000000 1.000000 1.000000 

